1-256000 in this text
num
94930576159042932414
28221497722790189705
95488628122902688837
48325214705580401766
20416563850720466643
97108635941729733028
24745116802304469875
07808974231385483147
52117594663723833203
83191969939899145870
85653767482130375975
04455045266180136503
92254410798987489865
87531119342405096329
12276819755542107928
68571791482875145993
59731905897787327708
82023189068163885828
43521633191556337088
16950205364238610486
35523337114197457483
86149418681467387782
42431753139190829687
53466611277274639632
16827012306840930476
29042096651789571043
17522124962541945671
23459236015855361731
34725357408301639217
31220719402584663845
69783799343178274327
70697277607465300691
52681370654455682653
00277331019370397971
41893768825058551403
32820965692854308919
50296381040331969324
70659377212266764000
52201919912617849265
03627921120417740358
60343249566144026606
83536287029197519052
66687707322227776306
15002526889715268429
04585030287853576869
59202022996883501282
86376510415696275929
56099303106643687559
19114045181061240979
80589249864433803398
00731461117013174634
57814833202584613663
97996065698042572897
79190328062961395369
74073671352827531798
32672577864832215595
96557717230727038948
91417066366664506815
24338539825506280324
65042948807438481735
14696920031111128758
49765802118038690501
77169538982629351292
59116411871387882841
79698891374365856940
98371248393378224936
71489620231756841982
85825356213391383918
17890430749627252639
07044643051753633408
92538614924175772446
35252622988005837108
36464334444283909840
16083965776546034100
49682291568449600994
47653857793995690308
65897816476678274008
21821680827343375571
60901034359438100376
43219066580589966757
44364082916489861239
56995110160070253540
46831406856739672630
54635486576320487685
64369276680008668836
92696384594796195764
78667177486909565864
53467813999485902340
26286789904287268950
62296203482992234739
42632856173361292227
19611918344653602858
93795687927621591597
11478852176880047790
70857380528114427120
72841229631600249047
29484249778402956778
56324470901136202303
24530995747580718158
86737061211314158194
00291198777003724145
36982562950154560183
58838185363303860138
88825737650286414260
58293944926150493269
68311994340098581162
77607457925856693016
17146093867036726096
08778706424364590818
15458329827365593278
30261389903913479428
10871861007719546149
34656998930771734544
64945408358358640829
05010254356053756499
05127918271172995401
90705347420534944215
92215069262053861017
81589363687896824737
15958772963160747680
76960456736987254930
08222917180052158066
81956890431434666900
98886007159309371241
47999698814134656140
78095042417995616532
95003517618883656417
73609484931661745833
20220939949644107876
27390405828146740206
46673163727488118152
81110400565195821836
63482364969676676695
87403742512046145303
97500906220120205679
32187083015188949886
65689319025641844990
44982115545770685159
25955206245939723617
08973195886700892517
35169775573717482750
09866408986903322404
60481241269161492221
89787243948665524796
42604898126444075650
74424294336983240580
15131039549834318936
87886830554079233470
63863879469915639354
59707433461097982707
03675787187562343258
96291202591692123879
27420652212769695654
67557156679929644226
77148414382591937357
12571315217836838475
00282755571592160132
33205671363482419538
73797137741583293218
32662544508426227634
06964963897383389209
82617450492531615974
71008198723688276622
35811984541220923346
09875872599681990822
34192108965514897680
34311647368673947325
12264095470248987220
53809152147130844231
94883992297984293676
23231983003542310741
16296294741375706185
54766755755445558204
54359392708571443922
98075458300610966920
25345042331433742401
49437678653989491038
27824103138986173852
96855396631697610157
45696031396134951573
96796096043583175803
55538183481586343543
27834492510778676657
63557032871496402121
22322531811753443927
53108047499092970009
21169683435741967842
06517506235745871427
72209030067029566766
75259654970616404898
87723762056115523621
05359161673134918213
74702505358117630243
14137551334719321954
86189239494505781763
87138034530207557815
03811397893004740261
06572230318086865094
45864764301221802453
63932237713454257182
65431557186499045398
25654742763868706431
58465958121966166294
95477363132040630343
48001831475653695454
13937522733414347091
05166209625492826365
72507946415941739404
47731861176982692542
07361816461432545697
09718685192492528408
40590494873449050961
62965065795425264925
83131804649101143280
32359738177629049518
35965443831097445552
51254939157841308745
82701803322182693876
75020375913554261245
58956086019872327645
17627903238180355555
54400341023179225500
23191919455627606259
20921217372236934826
48296952024364170921
96268688802693230203
03955378565335992776
17755873799137244042
89194238243421548026
40831176922131868044
46462208496252110661
47524117608193200707
75573257555287895252
23921238137346390697
79414271616018194777
16794902142549274798
12008543514534748438
61293554021500018503
39371648938245141786
29969419102915078855
86044127368386869566
78198137392032525847
16534726519761246884
21968749606180036527
90468379694838585476
74484256142334358624
86857293210414193499
34128993372540374160
88335995951767586738
52128707495150300816
96091721490363795725
93696135641474411428
66857306465870621623
42321690853586614891
74917245423312279541
28865144987106531198
77395899725268550262
39394168012179491285
39342181871698100033
09794406367468962853
64828726641184243285
25034112621520299064
27043278573085780391
37031289383547609572
16974786027992860148
15584402886696453798
93369863244876714581
41728742037178031995
10555160783509739819
81149793973076269447
67790424687338511827
08763462643956260971
66664242284390461321
00524197038785885544
07982346502401511912
98979967181008499080
96718516559373592805
22821647746224723708
75345061786542458196
35168577852521813453
83965718680129813946
13297938925344242607
65302484274975128960
82871395325495999340
47177739136159049568
97123120113610494231
32561331622419553608
58741996173661677294
68960006218932107420
88544984379607724710
51751020898296114547
26098929251700093297
89527447247336354943
23905315751708306545
44163093728356882343
41963125505741416689
76287939452852582713
06216939904964419472
98708280700316949920
10210254186973783234
85138330769811695664
14332483962631200842
86121302228625983537
85772684449748722721
64529352303753877275
79639593505073596205
23212725821557807671
03821577414820817767
37311679369002827380
65434169084907920019
58587964801447251718
72001467564896895297
57653539987735312807
99583532413096924575
13885798280756748229
02316892448757766817
03224058350225446076
31855295901155003541
74286254490098566523
63754375970398077484
99686318544902302766
84948956155782397712
19645412085493597204
24880195955018612486
81393630777232458509
96138850316499259689
85860284390616037842
95895341196494836794
97227465537205377554
74461849787032138193
72830724157045812970
35750314184283204207
91858521670612157995
95272646638028009780
05279480279358645554
43734719293765432400
59973384069629589729
52920096871339820718
87384223133664701235
76164398044188848351
00820041570499880681
70774066587612095699
69930074492721966413
78463675064227776137
93286651146369775359
00109267436568181754
43016411784994279132
61789120477658743112
53431447984112335649
57916710272472500028
83956320511107360767
97124626449083721833
67883005024289059966
15587563376303591523
82602019503372990172
64000879258622054808
59383858256734017401
39087017563469272314
76446769057145764984
43997836258637125921
64296894563018742794
76850151595024816114
26686138371030442813
98010403468022853466
25563158980833366356
11521913527377365588
49165040249079489133
43065877637081108568
28688824406561394476
02670030332672575295
62320853356051074688
88115492972299872745
32789286428557296973
36522284099283415183
92549690364992248924
05042537887032334365
15570422098469001803
58095732325167699240
69695902408190621156
62412263597107954783
64006474234797100673
08938197721449001248
77664193865194570508
28432565789755022773
86301065257546572296
53189315975702569411
41536920036825954171
70305241744088474539
98916747919742660575
40622309012871806212
72425421774280715048
08388289882659434939
07572585625270568864
21892407106157768440
51186327742962107327
97037225635052454771
54446349418444751430
56565168274384545076
17838842588054715903
00011113123195282767
20030260055649040583
09292444847730167714
14932180127083763277
13489491880836261728
89525245954579901420
71629743273158654195
94141255823065775051
22273918112518202123
09449407310949667465
46298040383533180035
92964264841653128504
25870365551669522765
78666949188690584210
13694250646154558458
57218620785805640324
23246733272128130237
82866180131003991806
77761769588828782625
19308286648438535473
79514501684640876402
41263517389588578045
53358001470892406578
20250277466843848423
42028496115255799184
12236141244108600898
13427446682003525895
51133420099909784336
65340785136881610408
73132742711757549237
47922380517622292696
03424886267008570983
81802860929068484510
01025143503331992538
19236498695064046976
43075010197861406550
00676119215719379295
98462057707936628071
21731823344902185330
04698537475173532784
75493143939525927353
77463000121284616755
33206849342119218692
89581829288759728585
00380075571589269571
92790030823659077733
40975521439246926446
10738950741780630339
46946725746318196903
07296377567796383765
86261015074166233633
58369700541251238413
34940558991530378562
53068561598994241164
53116957791740862614
30267561308479886101
60887646055774145277
64427449648493039405
08965873022326611127
34134909879565991860
98584088829783814554
62188654729305527074
81830332616541549751
67491442599032271337
47437593500237120805
75552914136029081683
68977718221236632718
75115370341488119914
73453561056256361345
07298373296776699783
58288979614644236982
71503346989788546495
15460351510734560402
62143708504482976119
41690542940314013472
50052590529967295184
57542870232633902871
90782095388459692903
01573223951519378456
48679148429753056323
62320171221936002977
83284432091500390645
52267536841154256215
34587582036996762561
22294816152205060350
13529465164725752308
99877816223693544486
68290191207571117524
17699996906186825665
65472858941046846498
96262142340716921984
71351569747767764044
12154748992847195314
01595801254654867933
11004987685334964676
98793029037714755286
33606368358619750991
42607152771963264063
79137429623678523100
51109242501936821961
10095452385222396182
97867521140227812546
42798618214366743305
69539371952008864188
52626930672786735259
46790865756228117996
56493258897889583184
10828234627774416570
45802542993395915358
51311886252437162808
13614125516149591563
22756688139315753882
42054480885691119699
54046900918835820791
61027376658186831304
76735818252246604393
23510380957938400592
90132263651666483986
82816851677519932215
65963628080308693780
38891957826392944251
85331475435938267956
41074355385188934082
21725503060369882055
08875132657432715498
49846700107184993188
77537863012908443259
12558919239081881916
07753675651081522735
46633815354944049524
02803406483875332346
34348713308769630270
33726302773158676202
16874604660735492483
45958128001898736596
40645414606030918989
94748314564678559069
71936166514423002911
68711299952660644029
65092826510609091568
42741237763646354455
09352037136269745626
64770769697459016037
96701268165961144608
80943176208056232134
08911545971666237165
23851199403874625106
08491308757543563024
92798044146632069430
40295783441556221711
41694837303886701929
87385247982010305417
13093794037325181844
31122916496022891058
63796195187221939714
91136809434408691583
26333914643694416689
66319336787169361371
04472019472865053153
47077761842271966877
22659447815771087174
97240955008228422090
01619837721785074703
04604810473188471368
07223157704525800342
76619353638562988529
55612897812320064985
95888137540013158095
49176067218370168409
96299052431903346061
63010542544610181365
91494355362188110322
01960803084484564696
08690395761441301819
20469456025318239412
92105850005573378928
13687082892933494113
91333267848414657208
54793814833423226463
52643838679496269499
20887382767587845142
44260729882725610786
61844794900261841852
24429725848147946546
54987437131552945334
10291562817496536788
34594589800902492610
88196000727385101441
16170483612025744842
52007624723710712460
27822683450808585136
99376774146357335060
19330802092885285996
32575421908538520583
86489397075934324128
78361783156288161457
56988644213753009086
35621799221670180116
18115069681370470481
84813878426628589115
46248204166004278173
87687813515581528716
49271734951296578307
77066751179344865937
15188894556486408695
43764377044186462433
77560409356686694158
15750043181511546376
50384897291033288629
94476661887968207169
35062865943050004650
52146132055392733147
44467080711912816721
30077559915154599601
41375377681472371266
34726889656184174372
51828835916339766530
14385084355372924582
16009764280528574066
10086928808213441435
62073010752637766247
05144347348773005199
56037364874050622033
90892424653717676326
54823111615999590920
87997864158902391255
63651222585548519786
45375697482261522934
80028595337831468589
20915242255965088987
82616089530676173700
34515702199101054530
92039571369042282381
02014940358619533727
45961187953875205922
85626620476609913983
81179220298237404096
07417538650005581171
09324793185138477966
77388014372822995050
55768035675545490063
02608748665420863992
30268306938811775061
31838156038357729263
50488883952484492940
11568287003402106369
13839973649600227811
07659184159602758066
37698384836294223671
44665160068673744139
08551688505986804357
42875412691497823920
36053914897345268011
39416756641875429389
05738695440782086404
05571780712183773454
66454295260636200756
42181678926236037464
76311221816934109363
48419430334032032284
42088277914604775295
07125873160467472302
67440254248154604883
55660432193926346899
01209378694934195138
83092255800125020379
13328807998474575508
59025813976574165877
94302084372026409063
89528877781905805267
08784298466176993744
86736128578983675198
93626629861880111223
25927115664737923697
68945093524512710022
29658838126306152381
89805872646501707182
21359550999868026137
04231517284522999766
98689442688911565200
89872235568720029161
02405157265278784679
47002620461125813219
49132047190290524563
51852402096990841127
18918078398991550513
21029821462693503952
84527305599882901593
13872394473235012896
07970468243311457435
57310839555233376147
76444671383969214146
55718947300071171121
60007292050479835652
01523798579539469286
01439505229876197909
97064069103739162310
87517362398876014078
38923548627093015956
53475428758331238587
92483638046693621200
17832485217011020774
90712508270362271017
62836933038908193085
32851911414393165080
21348409308459220359
99526373611380085404
62377126869659183319
42970724874350414322
41145790599478110271
69163640493359196086
16203034387131458100
01626749725641755769
16558141196492398280
53730070265101964115
15239541738491613685
52426927934626292638
56303193614863704871
22425349543325811776
48199108376738346786
31488178060660636509
90829981922234376708
23061759354441622963
12329802715687534372
96058489902847109122
04195428521690574705
39448263219660676630
90683500814170994337
48068338585234125610
36206803291599269649
79124226331547445813
01845494670921430679
73799972377881526252
96617728186493155571
27909732891143808579
03311437163692831620
69028929864693353485
03287702502858993040
32357735945034173954
78524475429535869767
39660707769442026404
72110481219755603687
48550244068681558977
10458393755864037944
15671413828590598763
81099173990767509848
99525038817884879734
12207777773181655078
69651626478964526039
62434701359410246995
74025093352458183170
13353567488434023505
60727000018127656999
74592849929610907140
35626041921753352643
92675942511839592035
55186354294625938949
82563327376043790072
03196054736316280023
59778903074333320432
96878876824338557168
27920324451154213426
54526968028034322187
12067984016117733866
20242069857528345996
09065764866373256623
64553408150956381197
22478897052645662093
86343360279459026788
54017512589559294514
15605403956206097233
88844385168387626016
89184554897646909904
73416873147912843785
93335150788719852183
06685955173240773803
74809821660455850354
26776654999027439345
08943425103437501129
20893614266697854965
53268633894043963925
83586703243436830792
23522430940501882120
72371077864585511359
10000718943096270607
30053070513886453009
08939623377439110150
38185140234786695897
66032560529701502339
81069800692067272686
32710341681331308665
10202419739013238568
01915097637035420753
97802441648453346439
95057834434670867369
46471582610488068410
69122811485447767026
18694458295709424025
05811106312010310331
45139961417201379382
10737908403523883600
74626161050813826633
40085157841914288223
63427458779394752936
67124232932614586754
33328971815495043963
08237605411763299634
28824330654263643430
05594272162531685365
80551940968620494622
00890461782596980281
46929876157624023600
89186611322712615345
27063620900098403753
24649568166231762300
24765205562285479905
09939805392829596106
43068443132344100264
16334135633715261460
50099204347423900528
07494601406640867493
56569106774200512588
03329692484226906674
81385939857089256119
88585736503177196871
36322679705204021910
27827696908588069787
57176654046824362143
76620404954397529932
47740670897240536678
94312872810223466445
23758958323023507696
85343079464614892147
67772702761891783420
28265653681195443722
12506179775492025059
24168350905528229781
42374539826632680842
73800795395592548496
59151369792680974509
01566547107645280780
61075046711971118431
71964374552509271876
68508961499235748784
06175245410746419623
17559392283234298250
92674274876942836237
78252691945811615415
27136021406963718810
92363382842554474517
82119936275176428648
91214137040432374153
43041143350538581982
04874429684781978182
56862195371573688307
98736395455913534787
21851929086812492459
36191125842661223876
94534421711207790786
24500856014425362068
32425058692315597578
78495487448541275090
97974138654928957469
45253738662938710513
08734287033593110807
01275441382707384294
86269695751372752496
68646815515638676322
93546882488368366171
07598734574088904059
03541753577200572251
09435426410008626354
54479392982487127809
57924986183846497950
56103343527750597915
56765729874853098849
21676879282554536956
76383797950172678161
46995953556926530743
03019747614880171605
16994533004894487471
15440515207241726855
35711222900977783448
34359557312838210516
40684966810167600981
07280066487881747032
19770842033561065831
83763086341157763192
29069221857178640120
62479937804289057995
15813019174030691385
57638366582361054431
22941182864521482231
98822101368448609370
92534156872139335631
40753573105961959833
94342379115506437949
02317109792878412753
70418393996397645631
45291979147916154692
26769428071502012746
03064416903746606360
41305079571219034202
78447820260553315581
33632198867647547905
21289356703554423916
06917657130420306523
49975112732905720832
37480084091296421091
22963888306035727011
74695281768450305018
38850447633223158534
22507895583160974020
90831402246423396498
34191207840310807261
64019387801017039765
26640264668131413484
18531763424552848784
89275710542171138287
96810762090555153054
65241608170249634224
97326650252483872458
63521884281783360686
87996370256403878320
93160447341260131117
20166798418530870473
85115163596642284738
49660261375032427685
86400744478247326674
72148377660490361529
55912426083225265544
04030133675176185832
10774804694314844826
26359760569101128216
98831401861635977358
22172881136748610983
55265848763718074390
39170518393664657322
09667375019044386453
03179905470795718991
62372575578696944397
80745112816456489150
18404205188625763185
37915735885210263860
28045224570485468981
34062338545740072764
16620325774188059862
78496866681725717442
77150908058138991540
18700632524276392011
19158351343965071302
09302273041054770662
04713993734557595497
49188777099302620493
22852528461097910116
34272407234144695600
33605426942931523499
52994153643174839072
26612104255605352368
60908679110904379357
62655589650095120840
02840077049542857144
06524088703631865106
71978964579855911147
15202242084384753755
60337706121302219862
96744292006410973165
37905781162739708860
02673775173961296855
89891978081479834153
70474583257739442163
50122675672826140014
59137309394639567576
61589434552988494027
41842270234701568721
66401621299863738553
45860275777300704631
10596298939465128929
60876882423568827044
52476730478501409554
98408834911528564486
72544923539371267152
82108408390373349980
06565648659941898304
49622813466270507035
84350938656860654850
10252171518516903934
58538352083320286798
13731175034695780143
81367890491776552306
13310064567974835714
10485785969170989885
66454423689082809618
64326811590168851611
49358576619220964974
59043050812597967661
02154517979689035067
42253775693905614282
57312231699386318140
45508349356327517230
28997782698358758414
